9.934167802269403547e-01
1.004997699337244255e+00
9.554256176142896795e-01
1.019521070548985442e+00
9.126898409388192190e-01
1.008315358191117950e+00
9.886249656473220515e-01
1.013686486064182102e+00
9.908848903901938954e-01
9.825720641508463027e-01
1.009746767244348309e+00
9.608599869730540810e-01
9.574803386369807878e-01
9.575947909008912795e-01
9.752423963331988688e-01
9.847316306251399087e-01
9.619777025491498268e-01
9.669556228536086984e-01
9.199484324582353212e-01
9.686841846441049952e-01
9.438704502916855921e-01
9.287892108499435917e-01
9.287274673366654465e-01
9.347789442096632317e-01
9.135578476662576941e-01
9.049298909669075686e-01
9.392245254988675907e-01
9.515321720776898085e-01
9.597092161677052147e-01
8.981172009866302819e-01
9.560999712292879149e-01
8.990144977730804010e-01
8.963971600481928093e-01
8.898992011378070721e-01
8.892375575665764087e-01
8.577857352297836302e-01
8.990994549734785402e-01
9.026801005288120905e-01
8.523359610368368422e-01
8.358875922024889826e-01
8.556888960819937218e-01
8.724151540575370012e-01
8.478562475398445653e-01
8.592961529458641445e-01
8.555303691623163953e-01
8.070068910073450175e-01
8.047935508579673325e-01
7.639071017834866417e-01
8.105559744503308961e-01
7.826661367107468070e-01
7.794609027704483273e-01
7.424952986865991367e-01
8.171860477908434728e-01
7.466994431399918142e-01
7.708853661936615476e-01
7.259420278075869870e-01
7.372821289340757422e-01
7.233545236974703307e-01
7.348563288697917972e-01
7.063365683498701308e-01
6.944181093608665645e-01
7.092764430232079143e-01
7.431126236193266177e-01
6.239011779454816109e-01
6.896119249037310217e-01
6.384087950072268036e-01
6.132013523366275365e-01
6.669955826049284164e-01
6.393850253174844234e-01
6.462958160668423879e-01
6.585228077245279810e-01
6.437816830099976073e-01
6.314948523568599814e-01
5.947608699159562251e-01
6.064606639276006739e-01
5.717746638309429974e-01
6.156400679291538225e-01
6.102947642626712632e-01
5.559746287577781443e-01
4.994641915655851916e-01
5.305310493821296935e-01
5.619207788816982241e-01
5.682273144651177610e-01
5.437786043758142673e-01
4.946724615544049186e-01
5.117293031708819440e-01
4.822300589591089759e-01
5.384119096681329042e-01
4.768036849575243430e-01
4.697914211820914399e-01
5.054401214421758715e-01
5.026254868564202782e-01
4.820060993880904143e-01
4.864244005213132493e-01
4.548827786526122297e-01
4.308088435161245844e-01
4.399465711941146773e-01
3.956740806918205844e-01
3.587030342640306624e-01
4.098242864113679218e-01
3.604806239825301684e-01
3.761997962131999329e-01
4.046798172053544529e-01
3.691824223822743334e-01
3.630895557350488079e-01
3.534808371899980095e-01
3.378648191622467545e-01
3.431157820691915217e-01
3.458272948313888540e-01
2.973835356583938716e-01
3.092357027649829671e-01
3.127468885464209092e-01
3.447947515910938510e-01
3.522638623090132426e-01
3.813159322376152294e-01
3.363111206958029897e-01
2.588092792972430112e-01
3.630583623064076448e-01
3.398581859185292320e-01
3.008825570074619149e-01
2.693818955140615534e-01
2.945021993216131451e-01
3.506802437717537191e-01
3.754777444176312651e-01
3.303011951085387254e-01
2.874830648879334594e-01
3.156500100151518606e-01
3.000190384073598282e-01
2.891422654179054419e-01
3.084824548603962713e-01
2.752691753886237214e-01
2.837095910699625190e-01
3.180317245355500089e-01
3.198929293930856121e-01
2.849925119549641672e-01
3.282115661121037808e-01
2.764107908432719696e-01
2.884241953915131496e-01
2.762990440556770122e-01
2.934050363143433926e-01
3.377877785163325153e-01
3.659719826258529540e-01
3.828116670602510485e-01
3.230554641386428893e-01
3.117053950742507129e-01
2.734876372533542876e-01
3.019047285690842908e-01
3.252713019833980979e-01
3.079288168589709440e-01
3.368388577157291897e-01
3.207034638957134698e-01
3.824064899199811074e-01
3.157088392323422754e-01
3.047790110381200512e-01
2.967102720756957801e-01
2.828844914634079388e-01
2.659547217761741300e-01
2.357635372422542674e-01
2.722448353465742876e-01
3.265416138256648226e-01
3.056594787523829737e-01
3.665978017502529718e-01
3.118677207629549919e-01
2.893254397354721452e-01
2.918618296522766942e-01
2.600609178343122885e-01
3.107878372310942661e-01
3.136577041851347780e-01
3.246300021819530368e-01
3.210557799477635754e-01
3.002869784842512879e-01
2.473696417432317274e-01
3.000757693416090666e-01
2.389139864973203187e-01
2.734460181166308290e-01
3.121276399588437944e-01
2.816797093291828480e-01
3.023669421412191749e-01
3.328868264302551339e-01
3.946715921758962575e-01
3.333170007391139666e-01
3.559894626926761729e-01
3.326985052525054942e-01
3.550283363774684453e-01
2.700264882585057258e-01
3.172332431565027533e-01
3.174834831706284111e-01
2.835869538582260208e-01
3.699800034804134885e-01
3.624864722145966223e-01
3.579757354168837669e-01
2.876546595206447288e-01
3.032523772111894167e-01
3.067187537858999113e-01
2.958333534524224540e-01
3.368377219934101108e-01
2.607584913324526021e-01
2.727811628988958126e-01
3.080524229464953190e-01
3.001879748276419235e-01
3.001901459763701152e-01
2.394612828737410493e-01
2.436579213683743861e-01
2.423378106896447448e-01
2.740875460647418937e-01
2.501286001535623083e-01
3.027733948707859724e-01
3.515143725641940442e-01
3.329671734563277030e-01
2.647395318404306419e-01
2.532745303384271729e-01
2.521047417303702853e-01
2.957483053210062662e-01
2.894693737651682364e-01
3.293920834748090831e-01
3.413461788555554599e-01
2.884322334626809869e-01
3.305454703157887919e-01
3.291780637639910578e-01
3.523171854596705566e-01
3.290326219975459598e-01
2.652232172434128010e-01
3.159465081716084089e-01
2.601792850896930687e-01
3.073259933862898530e-01
3.062457997620841588e-01
3.137662911570087143e-01
2.874337583464405821e-01
2.758811917258774393e-01
2.812557023438592152e-01
3.643945310558016071e-01
2.660912147043669185e-01
3.265397750477085359e-01
3.563073432698842247e-01
2.971762993429127309e-01
3.063096449326760395e-01
3.131728515914785071e-01
2.585332489281793045e-01
2.668073063022057823e-01
2.287512488932612054e-01
