9.545456527968609883e-01
1.010650375648251442e+00
1.066629269438139405e+00
1.133760899038288361e+00
8.565167872807732952e-01
5.713013618076236977e-01
3.398819643249301747e-01
1.387815154188865585e-01
4.670249110641926799e-02
4.285643527919749673e-02
-2.572166099351158239e-03
4.862625375686670248e-02
3.725342131398311218e-02
5.244656709398103772e-02
7.098296251614537311e-02
7.602704864939369145e-02
1.288827337862156475e-01
1.357106651683296639e-01
1.190667539004002518e-01
1.449212724500975880e-01
1.266726580068020247e-01
1.438544307132784417e-01
9.632179615331404321e-02
5.751237665576760388e-02
6.945437021812647660e-02
7.643382058078115882e-02
6.594517717496244102e-02
4.184881226229402590e-02
3.390975469229620676e-02
5.401148740278444160e-02
4.884750254703340566e-02
2.951299606933777131e-02
-3.957103032107368856e-03
-1.507356245537861197e-02
-1.168698684478079383e-02
2.265076165579840706e-02
-4.013783113993387580e-03
7.754663884393945411e-03
-2.580686365279383568e-03
4.678116071959422320e-03
-2.107824711620141789e-02
2.967525056023994842e-03
-2.933569408550569524e-02
-3.581864786459992844e-02
-1.976583089293335038e-02
-4.002048518997260163e-02
-4.651901732270567746e-02
-2.027133936210035597e-02
-4.184567097245992656e-02
-4.675783948546553825e-02
-5.802849664894264847e-02
-4.392071187018506406e-02
-4.558581350495911899e-02
-3.948764529755927066e-02
-5.021084200872400621e-02
-6.325135310935446620e-02
-2.937649931026742323e-02
-5.207893940255142046e-02
-7.345062878278545149e-02
-6.510630708750170248e-02
-6.192245648804209357e-02
-6.703950756638074604e-02
-4.624605861434246540e-02
-7.972517696941119891e-02
-7.095367927526961827e-02
-5.267083298246562351e-02
-5.760809612682320918e-02
-3.899200005775452227e-02
-4.983161894869926611e-02
-7.248206713898559805e-02
-5.202620738973614406e-02
-6.263681645375328289e-02
-5.276108195789923350e-02
-4.197816323939045080e-02
-6.538468952630958897e-02
-7.866707532396209623e-02
-6.467234449595643531e-02
-5.870476382183000691e-02
-4.578384084776278978e-02
-5.875403735173433117e-02
-7.027859427686011795e-02
-5.264370144981342370e-02
-7.390534035890179709e-02
-6.318551613037498571e-02
-7.593950163986618040e-02
-6.789731509523716513e-02
-5.727841321248081097e-02
-6.482315986991313284e-02
-7.252305655373599003e-02
-4.426475617796395146e-02
-4.915623584908323379e-02
-8.071859502697270594e-02
-5.230110851944749090e-02
-6.762727793179977576e-02
-9.177381719363567059e-02
-7.869783371228533664e-02
-7.288698858586259433e-02
-8.099930499811104634e-02
-8.828397415370314860e-02
-6.856558462370579421e-02
-7.443661270010268338e-02
-7.046377053574928717e-02
-6.153082644759695630e-02
-6.493552782368094967e-02
-6.206881047327670459e-02
-4.290201171856255352e-02
-5.434354227082000000e-02
-5.676612756206416560e-02
-4.632506886055170331e-02
-6.739291118438688055e-02
-6.918758522149930090e-02
-6.442477512429022057e-02
-7.395736770455201003e-02
-7.101500283669984204e-02
-4.738979959576347656e-02
-7.336754563192600387e-02
-7.916691818867138686e-02
-8.064042697248970104e-02
-6.657200508280275431e-02
-7.862160327381655101e-02
-5.949081864578194961e-02
-9.510406259137772766e-02
-7.473401043705191205e-02
-4.573382693317204484e-02
-4.196676928951637020e-02
-3.441720834802496076e-02
-6.949145571517814646e-02
-6.286785473623762721e-02
-7.949803135918770414e-02
-5.562594949480138828e-02
-3.741430795831696132e-02
-8.448080392615628376e-02
-6.916505168165873463e-02
-5.364654539768225205e-02
-7.313581368243214642e-02
-5.742577684560587481e-02
-7.461360216501509990e-02
-8.214938859311168851e-02
-7.094013852518649133e-02
-7.905258681300449120e-02
-5.910598023040176952e-02
-7.144152440425483030e-02
-7.494009137089518990e-02
-5.148870500763313290e-02
-6.581546800162400845e-02
-4.401824394065048662e-02
-5.948932059996651228e-02
-7.056350398896241161e-02
-7.182129198302961148e-02
-5.969036195446686399e-02
