9.518082262955296358e-01
9.800814880481265590e-01
1.067746000666037531e+00
1.079778715349072993e+00
9.812102570227930753e-01
8.894299013866041603e-01
8.010870365867799325e-01
7.302386654015178280e-01
7.650593600073664069e-01
7.887413941768658399e-01
8.171061630299059075e-01
8.099471092290739804e-01
7.441098043464683398e-01
6.577657702572622389e-01
6.274007473993979955e-01
5.294823641962036476e-01
4.757909218710145161e-01
4.482629790481773568e-01
4.105197559666213247e-01
4.328088871870052756e-01
4.134969283492613279e-01
4.021449331134385741e-01
3.913325770831967976e-01
3.281050574824431743e-01
2.976357689893072145e-01
2.664643984973078528e-01
2.271773892903755643e-01
2.418459448910798559e-01
2.383158151755458420e-01
2.422048619337687225e-01
1.875114879147125602e-01
1.562326832650065001e-01
1.373317301662078660e-01
1.346367669113883725e-01
1.237828798291281812e-01
1.184098670152888833e-01
9.420979460572290187e-02
9.484980809082324549e-02
6.692839350539139809e-02
1.015051385634504616e-01
8.899590533112294866e-02
4.866437454156401221e-02
4.982466239852394174e-02
3.663198260861903754e-02
3.529895445119930059e-02
4.530301606742964671e-02
2.315476735793424445e-02
1.561418936826342377e-02
1.547343256486326951e-02
1.033199816941070964e-02
-1.214104094194624894e-04
-1.487601554995495942e-02
2.257390953411320123e-03
1.662445403107610381e-02
-4.420190736400750331e-04
-9.714211193080336815e-03
-8.564581914299707055e-03
-7.369355362774943075e-03
-6.402170044294230172e-03
-1.740851982817268051e-02
-3.320380641317075693e-02
-1.382131911366824006e-02
-1.358774435375727924e-02
-3.782079369129011381e-02
-1.381092069262083305e-02
-4.319718942644081017e-02
-2.055952794245337681e-02
-1.274333445283521923e-02
-2.878619527893909458e-02
-2.356679190484499073e-02
-2.556292075121256724e-02
-1.841261302735109837e-02
-2.412072004018033650e-02
-5.096462499523053691e-02
-1.630629832957500303e-02
-1.846418115377830571e-02
-5.397754540017533909e-02
-4.226312191137061164e-02
-1.594557545628268180e-02
-3.983540278467794654e-02
-2.598269633498465070e-02
-3.116036269184568192e-02
3.966371275945020092e-03
-3.096171981375573506e-02
-2.320693198148899780e-02
-3.358563534795541705e-02
-1.156852597593319154e-02
-1.011177969628182863e-02
-2.170609482285030395e-02
-3.021338707642095417e-02
-2.960490115837173530e-02
-2.644141856560727061e-02
-1.259938436192639677e-02
-2.827300698306201704e-02
-1.961330408210219117e-02
-2.285025071202502825e-02
-2.622040548840870802e-02
-3.389002396735128070e-02
-2.669758358522202057e-02
-3.332092014057278645e-02
-3.112388024155005734e-02
-2.493837077590128209e-02
-2.416591713504324598e-02
-1.671668570810025747e-02
-1.988925393482802312e-02
-1.375612909372294669e-02
-2.638245790160034104e-02
-3.039424988469282760e-02
-1.716861541245514114e-02
-2.941311287537445862e-02
-2.956503424642868347e-02
-3.616449979312955781e-02
-3.473440655822321310e-02
-1.095252854212397896e-02
-1.987058571163161091e-02
-1.418251236474528908e-02
-4.028740671422001429e-02
-1.997731381851965832e-03
-1.190011805857346151e-02
-4.150711847628252293e-02
-2.584224161421630125e-02
-6.294594650649302375e-03
-2.715566387425600095e-02
-1.018999334658053299e-02
-3.630737108130299012e-02
-1.852873516785165375e-02
-2.285810846537250640e-02
-2.278349904052896779e-02
-3.456283335201231627e-02
-3.602049147227889825e-02
-2.389644270468637213e-02
-1.375473262984291262e-02
-3.085150694450679992e-02
-9.996510873515988826e-03
-1.784335479797004992e-02
-3.894329385346685657e-02
-2.458182856215461454e-02
-3.808962842972537371e-02
-4.284098100510984330e-02
-2.019592427546693103e-02
-4.281389957513930672e-02
-2.973027210831743691e-02
-2.513271899063244594e-02
-1.624915960774998835e-02
-4.158257827375969051e-02
-3.425629090800585974e-02
-1.780138471154270319e-02
-3.482280569639353840e-02
-8.807280601067668524e-03
-3.349879117339074619e-02
