9.791601104048017756e-01
1.008521719658900029e+00
1.039703313867797130e+00
9.786578664021806651e-01
1.001731416375186257e+00
9.716143194048466603e-01
1.015758686356277751e+00
1.011920342964191200e+00
9.807338317299413299e-01
1.020814682913474325e+00
1.022231560507696146e+00
9.866803206772641888e-01
9.978635451631947539e-01
9.999585925796641295e-01
1.065353871183485346e+00
9.976325029325670002e-01
1.054146051045868671e+00
1.080225265757035702e+00
9.558848467920710856e-01
1.004922312808939511e+00
9.843303558777931617e-01
1.033079121882244600e+00
1.022838702818994028e+00
1.046722931673190526e+00
1.058372998070106874e+00
1.010066233209543585e+00
9.978436944285233867e-01
1.003152964318767770e+00
1.024369375539489146e+00
1.014980674093729274e+00
9.921453672485280872e-01
1.014274477881248693e+00
1.047095040698249990e+00
1.034767860285982000e+00
1.051734542066487865e+00
9.840816954621430801e-01
1.010750564105072247e+00
1.064510190499872389e+00
1.051626666093855356e+00
1.004532277012140540e+00
1.028275794680658661e+00
1.007213262289061717e+00
1.059446696651222375e+00
1.015133657559292413e+00
1.019182712281625935e+00
9.934379009288547557e-01
1.066601357864046529e+00
1.027923345607727690e+00
9.748593345335599958e-01
1.003270358729316580e+00
9.859724412023838092e-01
1.066712489150734022e+00
1.050563064549196346e+00
1.063710468507031548e+00
1.010566040594274462e+00
9.752166700365738627e-01
9.525012647582062897e-01
1.101927440328405394e+00
9.471313263588186926e-01
1.023860854024895017e+00
1.004948140221182395e+00
1.014538314595875512e+00
1.027776382359135932e+00
1.004195591422775813e+00
1.012287207289052748e+00
1.022498094233841304e+00
1.004158807177636614e+00
1.024759208169488067e+00
1.014103853039414416e+00
9.974031134772896046e-01
9.856511398883784913e-01
9.884733514256089926e-01
1.031514467429143878e+00
1.011891465228362375e+00
9.994142747673893101e-01
1.019699943030775602e+00
1.013468230099405121e+00
1.005344842262092975e+00
1.021772633964186605e+00
1.031304272871126138e+00
1.042085675885695339e+00
9.571858337116283533e-01
9.995600224036227388e-01
1.012581303660475607e+00
9.165607913032637333e-01
9.940459402211228035e-01
1.036873247380616814e+00
9.590571852042648615e-01
9.385720250557328947e-01
1.076447786680457819e+00
1.031088336691346807e+00
1.055663432926703837e+00
1.014269100335146945e+00
9.720226199209465179e-01
9.326005586134170633e-01
9.506771079008264902e-01
1.028334852945260725e+00
9.619256731332118671e-01
1.032504537432729741e+00
1.001187628944122832e+00
1.026412502144816941e+00
9.723044275293218908e-01
9.753685081186218575e-01
1.063162338957100328e+00
9.998428430526349331e-01
1.005352230898574728e+00
1.074266355237465165e+00
9.820084434423348441e-01
9.222462517704170804e-01
9.602818841499893843e-01
1.037860783847476487e+00
9.849832454601332721e-01
9.879874412726035171e-01
9.270949763525414555e-01
9.906187099314472944e-01
1.039445249348036837e+00
1.005120686756097559e+00
1.000063261430764294e+00
9.463974936659012016e-01
1.007132674683464124e+00
9.948641048153988864e-01
9.665439355740463867e-01
9.375343420172941311e-01
9.890885320702427208e-01
1.013762887965559578e+00
1.014503984967364270e+00
9.289943932831064011e-01
9.696636915789167421e-01
9.743108292831231809e-01
9.361315675004420189e-01
1.078671624663820605e+00
9.589534166256293846e-01
9.367255269009379104e-01
9.159019650951424341e-01
9.361344873212058548e-01
8.807133779754807712e-01
9.343742389239666490e-01
9.529503940833957687e-01
9.451056432324431711e-01
9.692908385374717772e-01
1.052917604875023949e+00
9.250047725315098113e-01
9.108166438024143385e-01
9.758437112398329338e-01
9.166041272767875281e-01
9.485060583462627815e-01
9.323756904296315318e-01
9.074011609214640561e-01
9.566382518190078565e-01
9.444323535919721957e-01
9.454489598397717298e-01
9.125379878795635280e-01
9.408947668306285594e-01
9.686195561408486032e-01
9.305288969036821234e-01
9.473139108533215058e-01
9.554972898858190566e-01
9.071539791231493233e-01
9.600075295255552366e-01
9.910727119166624632e-01
9.344844972624845036e-01
9.078589847900224719e-01
9.667298276188533990e-01
9.566487557699699940e-01
9.233326443527807292e-01
9.681623434277396578e-01
9.170005537737635493e-01
9.257005611072386397e-01
9.309612948522147935e-01
9.792943802712252843e-01
1.025509737447606984e+00
8.968662200379644567e-01
9.420181649701827586e-01
9.347809763060841437e-01
9.983226245769034612e-01
9.583461504070243109e-01
9.080457035080018446e-01
9.527488451480520260e-01
9.560169160036475766e-01
9.621921599493613586e-01
9.440949135402503245e-01
8.960085516791138627e-01
9.332842498234770190e-01
9.953030273848910703e-01
9.055358297530925471e-01
8.975186700568121845e-01
9.559199757262816233e-01
9.157425160130894248e-01
8.594587856632276424e-01
8.760323166405841189e-01
9.152996374186495032e-01
9.289953102851463695e-01
8.768610003183748836e-01
9.292530597585024754e-01
9.262296104279127418e-01
9.028352429371360177e-01
9.099563552797775845e-01
9.230365405325015038e-01
9.079752236403825227e-01
9.027649114904584549e-01
8.881241144126328368e-01
8.778005424388308775e-01
8.725592015776645338e-01
9.306890327286413411e-01
8.990782445306593207e-01
8.928002957833873765e-01
9.085599863374568264e-01
8.858656329316546563e-01
8.856901956674370080e-01
8.945980603902081718e-01
8.760951538432418806e-01
8.771342371939777616e-01
8.541701151790460633e-01
8.828346884237502357e-01
8.601338755892823373e-01
8.441448514085047039e-01
9.072840696640120939e-01
8.007991723716547661e-01
9.037553359798795594e-01
8.951818903265253979e-01
8.788978692483467858e-01
8.693318137750852825e-01
8.808455668965613494e-01
9.355122886490114809e-01
9.112340933621639882e-01
9.171451352333181983e-01
8.345961969935676850e-01
9.299763895395408708e-01
9.273210610180510072e-01
8.932120856677934206e-01
8.928639392203353564e-01
9.010875444748188690e-01
8.882307415971010256e-01
9.274722397816855812e-01
9.455964648865676780e-01
9.144019261117971586e-01
8.615848642974035521e-01
8.880979258921393171e-01
8.734461655115940415e-01
8.830489674477748352e-01
8.372475913312903417e-01
8.755232797758870644e-01
9.461131370591836509e-01
8.647551293789385030e-01
8.599058572612451323e-01
8.973761018695154412e-01
8.617789950355899675e-01
8.486979232430156284e-01
8.758930547370492592e-01
8.320195954198643662e-01
8.527287245253588610e-01
8.179702085997569982e-01
8.520739673703016104e-01
8.367880138692790348e-01
7.880555553703917360e-01
8.022952692118696660e-01
8.314085538384629048e-01
8.363590443627015869e-01
8.643914155044056802e-01
8.254432858323580424e-01
8.460648389605278652e-01
8.266752618156503196e-01
8.457597842847959235e-01
8.519148320867705459e-01
8.141616758069364357e-01
8.352698712407640169e-01
8.677150340479321544e-01
8.351356698269015721e-01
8.407169054885463844e-01
8.526859590159473479e-01
8.466209183024461238e-01
8.257256715249857715e-01
8.293153896586089591e-01
8.519612508910470172e-01
8.039379888627076198e-01
7.837625403933680124e-01
7.908524574733790669e-01
8.411536224861038136e-01
8.201447496094592671e-01
8.651684749410248898e-01
7.905766489229739680e-01
7.694536064255642627e-01
8.417423254071279004e-01
7.764114518099488604e-01
7.742889298147478394e-01
8.459024504163938918e-01
8.510644526918569319e-01
8.290294771511024230e-01
7.922376519512573934e-01
7.740359216834132861e-01
7.687823980944213931e-01
8.612423818796127728e-01
7.807935821023188616e-01
8.047757545032598880e-01
7.857295068927204751e-01
8.199141715294034904e-01
8.023640829495130022e-01
7.854946900287194111e-01
7.608382552396542042e-01
8.595571320395317683e-01
7.786719301993122455e-01
8.155454801721122582e-01
7.988429985580267623e-01
8.155700592080038502e-01
8.191471884020868899e-01
8.537160195021550324e-01
8.471048258853541846e-01
8.187220295732720032e-01
8.728394497509098793e-01
8.156619878265859436e-01
7.344134746752264409e-01
7.896112211587993368e-01
8.152918204728114571e-01
7.705266256695555427e-01
7.545308449504173343e-01
7.564578209165087053e-01
7.760895281983440919e-01
7.081953177854362069e-01
7.240245344381480708e-01
7.198527147796199843e-01
7.451743571085315265e-01
8.133042577436981890e-01
7.921794740861586304e-01
7.673974812387815980e-01
7.072317226562515602e-01
7.468166485394306386e-01
7.540082557699574473e-01
7.789894305349590597e-01
7.580474452526194673e-01
7.499974351353008162e-01
7.511990550606226780e-01
7.290645646576088268e-01
7.332796683098732338e-01
7.013560639340401526e-01
7.293394476522891967e-01
7.991773799928462152e-01
7.389126058278605580e-01
7.529976393879032059e-01
7.390826934630370104e-01
7.172725981617075197e-01
7.332023904216320442e-01
7.099036774595214316e-01
7.276799178266695201e-01
7.719978288187678839e-01
7.028726213819683766e-01
7.549140218036286543e-01
7.621304547286961162e-01
7.707040009338640418e-01
7.664319600837338209e-01
7.654877941467239655e-01
7.394513573265932838e-01
7.380359279726684818e-01
7.782580355697732433e-01
6.879393789072133503e-01
6.982283636530262072e-01
7.447759830459658170e-01
7.104882941359760284e-01
7.305784345366077570e-01
7.027058198072289041e-01
6.899276044937796559e-01
6.960402091247530620e-01
7.342980244500677545e-01
6.380132445726148793e-01
7.189510391831370750e-01
6.593632084292117002e-01
6.809682822654044010e-01
6.658500872099294421e-01
7.587343181754008237e-01
7.064527183753752659e-01
7.293697311867238797e-01
6.837966119225633577e-01
6.163250186957031085e-01
6.558077659355656674e-01
5.957258791060683345e-01
7.158863745001242673e-01
6.956932677074620930e-01
6.619947585181301664e-01
6.840718189635932589e-01
6.607365335548092133e-01
6.975626633594348425e-01
7.023422005900944454e-01
7.490192783941286292e-01
6.670764787511754834e-01
6.982258096398279434e-01
6.655399033471701697e-01
6.194386335785335707e-01
6.832380375668729577e-01
7.094871156017579228e-01
6.980278243954135542e-01
6.610998905569459572e-01
7.183414752317629492e-01
7.010956022480747674e-01
6.378586203399237986e-01
6.103620385407221294e-01
6.413624493137436433e-01
6.545199848629050798e-01
6.354988034919210049e-01
6.222952397225572918e-01
6.160982052337051762e-01
6.687289438134462749e-01
6.483492839728302037e-01
6.203193696397161228e-01
6.051996090031279696e-01
6.300647980025235739e-01
5.621559731318678255e-01
6.683404824901690855e-01
5.965304428151686489e-01
6.291039735211496620e-01
6.119653743453447037e-01
6.295462444455255380e-01
6.299014390803783225e-01
5.653659542866055210e-01
5.774832716145984479e-01
5.775755689271494520e-01
6.021593067247882347e-01
5.551696690096749043e-01
5.439944780040428807e-01
6.617847167060381119e-01
6.282368258247046366e-01
6.026632218454253120e-01
6.268614408200269272e-01
6.122571872100431856e-01
5.964283340300402525e-01
5.747939380528400699e-01
5.958634168542517040e-01
5.743030651022585920e-01
6.488794711338171650e-01
6.328713405722559138e-01
6.568585848006791572e-01
6.148046052973549225e-01
5.841966859483295194e-01
6.221723255323956536e-01
5.733108603146924720e-01
5.438368457081179663e-01
5.336527502434960102e-01
5.883482201615909402e-01
6.249688612618227168e-01
6.043200329097547785e-01
5.672523437218184306e-01
5.994865999704235282e-01
6.539017577474820486e-01
5.770277237930143688e-01
5.757497430728339971e-01
6.614687479741639953e-01
5.764797814803716003e-01
5.302031121964994043e-01
5.749509852766582219e-01
5.244258673238936241e-01
5.553287483218404263e-01
5.864013008138480032e-01
5.666278683699224050e-01
5.177342924595073059e-01
5.992252453948597735e-01
5.702434526983579666e-01
6.193610582750900262e-01
5.506996211662337215e-01
5.318207726707003813e-01
5.945676599094479320e-01
5.385184254671829818e-01
5.667874005648251279e-01
5.277970338810202833e-01
5.436281811986004575e-01
5.526962565949324890e-01
5.246237415226111533e-01
4.782734031727102764e-01
5.186486501462462817e-01
5.203471516433821886e-01
5.788996762650413519e-01
4.968187004569025178e-01
5.190296982263961079e-01
5.547067469649623606e-01
5.727324926910083436e-01
5.217506868405100695e-01
5.499130419582197726e-01
5.685156308187622187e-01
5.288543720523889435e-01
5.865770526779134908e-01
5.148647363873570804e-01
5.098520513158507628e-01
5.193870206529577205e-01
5.514428816721471671e-01
5.003093824745445950e-01
4.897534620625083046e-01
5.327126158390419475e-01
4.856024945098957324e-01
4.885545658392751456e-01
4.983404642958376152e-01
4.973751096051846621e-01
4.986351798446408967e-01
4.161072582182312463e-01
4.780743232318314662e-01
3.878263930675250881e-01
5.043714520668508561e-01
5.010815678051314670e-01
4.291353728934254597e-01
5.226649682931794327e-01
4.671063898197034825e-01
4.795394930892524776e-01
4.988142675030463047e-01
5.484861760594774704e-01
5.130686567087459071e-01
4.451514379633582097e-01
4.862899506251737725e-01
4.928518662024458652e-01
5.458189431276523340e-01
4.925625535720690173e-01
4.951464782999643877e-01
5.160338689235504095e-01
5.586137256063793410e-01
5.235288848320631683e-01
5.202083892510952490e-01
5.091657901071134917e-01
4.415342143132373054e-01
5.287437266374845901e-01
5.250226962468059755e-01
4.652305532199881855e-01
5.358388241325878765e-01
4.559780009931486688e-01
4.567157880279569815e-01
4.193155163388941342e-01
4.703837033588270655e-01
4.243225666693924980e-01
4.444792805593932306e-01
4.778244511589613275e-01
4.856478345311523448e-01
4.244549663240119730e-01
3.778833734645984377e-01
4.230140488225404560e-01
4.005192255741736873e-01
3.466713439207864678e-01
4.111920411940107600e-01
4.166393903083315808e-01
4.742299392117537704e-01
4.966754425161452602e-01
5.121822692455894055e-01
4.773959445373806010e-01
3.980880704418682248e-01
4.464549177107468014e-01
4.682564221478388022e-01
5.290854161837406089e-01
4.440405132512397213e-01
3.936545040092153114e-01
4.169457931698204445e-01
4.494108877344655806e-01
4.349357301682018617e-01
4.443581105827940636e-01
4.178509313324673680e-01
3.928370007939819275e-01
4.264725150979497004e-01
4.629226780907124139e-01
4.201901095750810722e-01
4.076042515938164690e-01
4.440329931224112903e-01
4.313667389800300844e-01
3.942504157064747883e-01
3.777225039238178983e-01
3.948314472514788953e-01
3.892285508528871008e-01
3.772434265880395543e-01
4.037011700203165798e-01
3.567758603950431096e-01
4.523950696388926995e-01
4.794927260117511914e-01
4.268595142116567431e-01
4.785669784520167336e-01
4.164286459826975206e-01
4.454369396442093842e-01
4.054628905095456481e-01
4.234067115122141511e-01
4.853413978409827911e-01
3.977121681827454625e-01
3.605028433202756011e-01
4.194178548823781494e-01
4.065877786071258604e-01
4.083304440931266321e-01
3.916446911822650812e-01
4.704490163077831300e-01
3.881951432803317226e-01
4.348561335390821458e-01
3.638177740326148379e-01
4.114424149391040508e-01
3.998918317723764160e-01
4.170995306776252853e-01
3.644638305692963209e-01
3.836280986839841756e-01
3.975037860071657936e-01
3.969887252782819398e-01
3.993972747223910047e-01
3.754207446563899708e-01
3.670000810606925401e-01
4.056108851421445505e-01
3.462178834412787398e-01
3.713179913411582822e-01
3.704414831420323462e-01
4.186785870168120427e-01
4.071962020110430069e-01
3.683545860150404527e-01
3.731795933609871052e-01
3.882139574579515084e-01
3.911722561256095188e-01
4.459960820548994898e-01
3.471804580675502683e-01
3.591123384911628080e-01
3.699033055440723028e-01
3.541787878575949344e-01
3.536462298374092317e-01
3.377872570202382074e-01
3.591727996865159978e-01
3.625897252575187579e-01
3.728042528163674763e-01
3.972173398969323088e-01
4.042187437096268487e-01
3.232198286926656339e-01
3.375149264586347342e-01
3.436452507344454621e-01
3.435436417120765751e-01
4.562588375852301148e-01
4.421738015632342700e-01
4.694744901741050858e-01
3.426141355194931570e-01
4.601184264527992673e-01
3.753598604322038179e-01
3.847278720860201062e-01
3.729959274785022982e-01
4.084051426671910234e-01
3.606226449070285556e-01
4.094523888994214267e-01
4.185365679972418707e-01
4.228989875413990407e-01
3.682909711132614783e-01
4.284549343474033933e-01
3.891946921462972608e-01
4.371580693392616568e-01
3.825720694415454259e-01
3.667311886877275828e-01
3.438619657143650588e-01
4.038438370511962527e-01
3.809481153160989564e-01
4.151928667739386847e-01
3.857846427582874993e-01
4.028751721009871112e-01
4.269875181084706317e-01
4.153180220950317136e-01
4.095211537787302181e-01
3.812309513224451107e-01
3.765165729635258640e-01
3.348442694883768667e-01
3.722166961095905724e-01
3.908858239396159062e-01
3.751832407266183500e-01
3.892154109604099577e-01
3.561767977599994972e-01
3.572815878258869260e-01
4.126536119787329038e-01
4.087325900821441871e-01
4.094217192173004727e-01
4.021512142229361486e-01
4.133636503474651391e-01
3.937704954954066028e-01
3.284797447669306480e-01
3.596466850068567034e-01
3.690928604826455017e-01
3.651263883546721489e-01
3.196428934064461935e-01
4.217922339922398067e-01
3.878497120885869287e-01
4.120549235772098529e-01
3.883208877827198369e-01
4.137242058610466344e-01
3.564511435360832037e-01
3.827398837881552662e-01
3.920697467461384256e-01
3.674398715333276888e-01
3.742348913004197031e-01
3.508015430801185164e-01
3.282133670223109645e-01
3.518128862200931017e-01
3.281638025486939281e-01
3.582871880658760055e-01
3.575798718153662681e-01
3.301203717400716942e-01
3.238041808237546726e-01
3.388741441184675018e-01
3.669083274996219890e-01
3.778776138691571362e-01
4.079823510259654729e-01
3.387081403291562487e-01
3.666302164477257541e-01
4.188613139771381610e-01
3.799822654758537865e-01
3.888055638982484408e-01
3.750351829027506190e-01
3.919939971735446615e-01
3.299680400334583652e-01
4.065033727957944598e-01
4.514161225183478954e-01
3.733707013730961921e-01
3.611847234127548156e-01
3.439139886720845030e-01
4.088872339634549991e-01
3.449423626688088440e-01
4.209489695595270975e-01
4.177387665148289408e-01
4.148532085300689065e-01
4.110248006698590251e-01
4.148769527698371040e-01
4.202725981295662994e-01
4.419171051899900560e-01
3.776330344195435451e-01
4.583486475768542845e-01
3.722574732174607215e-01
4.254765467862230421e-01
4.142202604706768931e-01
3.907034944354467743e-01
3.724706689734859633e-01
3.555082945192986066e-01
3.492722015205476649e-01
3.890159888997455351e-01
3.834387856238429260e-01
4.035728855540945959e-01
4.104876244089354365e-01
3.970781296449231168e-01
3.973701890828658101e-01
4.064918136447835395e-01
4.177418457905490712e-01
3.924426685695841521e-01
3.708276563115406321e-01
3.733756361947340729e-01
4.089836779212413509e-01
3.551095287409370416e-01
4.009354439670679282e-01
3.853345151855235851e-01
4.512937711998634138e-01
3.721254155692419463e-01
3.897498116463029572e-01
4.032949640779848743e-01
4.066041912102558720e-01
3.681200167409723334e-01
4.137858317618474113e-01
3.757784378517886048e-01
3.827839763951771945e-01
4.036518808732900698e-01
3.535172287623233323e-01
4.142614528402395191e-01
3.927136025838965927e-01
3.681224031436516331e-01
3.672139105067480092e-01
3.486770786648802356e-01
4.124738249127383738e-01
3.977170349932859783e-01
3.739828086064836965e-01
3.794889934507906792e-01
3.745344083596870988e-01
3.303211510342026758e-01
3.649808529326947215e-01
3.189827317523208361e-01
3.861388882132185674e-01
3.275803509766879174e-01
3.759179238078240171e-01
3.317815368069309545e-01
3.619633776566211214e-01
3.837984637061654936e-01
3.439318753463804779e-01
3.808710239941862086e-01
4.252268777682542411e-01
4.147530817916016965e-01
4.336742714185949366e-01
3.809248487629018354e-01
4.604619935557062727e-01
3.590698071564357163e-01
3.476561069229036627e-01
3.876212103834535960e-01
4.253788362125227041e-01
3.236184504281375829e-01
3.684977245852720240e-01
3.754959247158209945e-01
4.593797683572156121e-01
4.047938036206892853e-01
4.010864501587740882e-01
4.042758837394472282e-01
4.693568776705943080e-01
4.448955865479598537e-01
4.072459344321797681e-01
3.184914479885760930e-01
4.289935613338523579e-01
3.563619337783485164e-01
4.291036821329795026e-01
4.199225257961483049e-01
4.460416705325215281e-01
4.273098429136208409e-01
3.947097174914355189e-01
3.985758383814047567e-01
4.251939180843907207e-01
3.762598002775373041e-01
3.529057103317567723e-01
4.175784116147146507e-01
4.498873513306726468e-01
3.750586999261159571e-01
3.913109849599682999e-01
4.413168100135748673e-01
4.881056899730362719e-01
4.264435350091348442e-01
4.205589088075252224e-01
4.177856709364718424e-01
3.550283908813736122e-01
3.615674986480230668e-01
3.585297518714524179e-01
3.161677094113810038e-01
3.652938313842284956e-01
3.143884573976720165e-01
3.310938779079515837e-01
3.421464621690377683e-01
3.615647714944423829e-01
3.633262850309230130e-01
3.481347376517782699e-01
3.910684486086958289e-01
3.622216057752195018e-01
3.876198154301750409e-01
3.255243165445264597e-01
3.791953866781080928e-01
3.578372183462822931e-01
4.163179223064881196e-01
3.836489310353692894e-01
4.245277115609994989e-01
3.522545833587476527e-01
3.595770439340182922e-01
3.936075197510823243e-01
3.847613746945969804e-01
3.751359388826298602e-01
3.569049662102461440e-01
3.989539919266330559e-01
3.700312822489261189e-01
4.024150868492212263e-01
4.355387704758449385e-01
4.096222537509541239e-01
3.503213671815691432e-01
3.480396565526546748e-01
4.079390598111732325e-01
3.664500326321392665e-01
4.387178584942304505e-01
4.532107291117352110e-01
3.647506803539713460e-01
4.102209872366825993e-01
4.299530198983315121e-01
4.121365046449259051e-01
3.794688831131211026e-01
3.896659902757207972e-01
3.896708015343688936e-01
3.383780911256928925e-01
4.194885332015962920e-01
4.217256369491208523e-01
3.975722729638559438e-01
4.087784098328513527e-01
3.969271435249019375e-01
4.548908549336192486e-01
4.444903076468150194e-01
3.453519288780357854e-01
3.351213017168354069e-01
3.648865503729922244e-01
4.324321640991098392e-01
4.286516929111265362e-01
4.016742263192836782e-01
3.460654946659347808e-01
3.101203068307575306e-01
3.021162875481198107e-01
3.964279885926562108e-01
3.756947245683124326e-01
4.075257304733560515e-01
3.443404536932871407e-01
3.554982885114106872e-01
3.505686866443447069e-01
3.271719980786058080e-01
3.816276744253687125e-01
3.718092115612184334e-01
3.212907206634570412e-01
3.270794545913255358e-01
3.225704755930635104e-01
3.764310592741542671e-01
3.774253935322918752e-01
3.204567923636957860e-01
4.071071725058189594e-01
3.773756919466960125e-01
4.054182464096192651e-01
4.450796803481957831e-01
3.536750422583501141e-01
3.633482286392553107e-01
3.707527697299207170e-01
3.985158678284563272e-01
3.455819256571009412e-01
4.709647964489964700e-01
3.389733627593273790e-01
3.796338173624663748e-01
3.951050131010883093e-01
3.559158643529486410e-01
4.111041677047148069e-01
3.986604753436808202e-01
3.749889332066028147e-01
4.190404702723163899e-01
4.003173033918044355e-01
3.913537992714217761e-01
3.963801129203330942e-01
3.701919633285464806e-01
3.946735488942654801e-01
3.879950909260734271e-01
4.113160529775192753e-01
3.841868739892497220e-01
4.083045609208764137e-01
3.643668544918683971e-01
3.955885480411066024e-01
3.923925384549431516e-01
4.007013436277256369e-01
4.007064640276737921e-01
3.939905457683866019e-01
3.839123283573086520e-01
3.571164919160284557e-01
3.621721995776078229e-01
3.638139957322353291e-01
3.611341263179186356e-01
3.965984527398323523e-01
3.749695908916804710e-01
3.741986791339074192e-01
3.803957734332616414e-01
3.985008664538741696e-01
3.981978061916542355e-01
3.538570332428105369e-01
4.087481169907777323e-01
3.614015615978058982e-01
4.046352633692048006e-01
4.415212199419579209e-01
4.446664857591111630e-01
4.518078722569378036e-01
4.025394404904230616e-01
4.523701205209501586e-01
4.114479448172437825e-01
4.406371713085411868e-01
3.874777078989054546e-01
3.841387216075100031e-01
4.146868045377705148e-01
3.888449795215799809e-01
4.107339161263487415e-01
4.208379034518289208e-01
4.485593820549035327e-01
4.143900747418465258e-01
3.794327451735522994e-01
2.777565261629462157e-01
3.550504158335252014e-01
3.638326666095915152e-01
3.416814007090694383e-01
3.882294634268353417e-01
3.758840125702165857e-01
3.507963344859439392e-01
3.833471920917309594e-01
3.398317954807718033e-01
3.072481722333915144e-01
3.684947065184644988e-01
3.301283853335799101e-01
3.838405501345486526e-01
3.514373148446492401e-01
3.399293254072660586e-01
3.405689097437615831e-01
3.856898024002750058e-01
4.019566869824499067e-01
3.716642080182464003e-01
3.757478185666224269e-01
4.332581210069300637e-01
4.210143409500297085e-01
4.279496269828040322e-01
4.238369382659730733e-01
3.722574531868830805e-01
3.885601900094570182e-01
3.169822138622349073e-01
3.980391032553160513e-01
4.216150735883031908e-01
4.473222409259177690e-01
4.280388533930748474e-01
3.950116379769972319e-01
3.451801507393200130e-01
3.587716595693906108e-01
4.464441454767282269e-01
4.558665183380687380e-01
4.085503193375897846e-01
3.987261788579001265e-01
3.982046720817430385e-01
4.027772056831865344e-01
4.032091887107381867e-01
3.920325893208211343e-01
3.814699748826807513e-01
3.985947844100122817e-01
4.027692271707729588e-01
4.034821184137369343e-01
3.955029885314566007e-01
3.918507931143667133e-01
4.357862606263153693e-01
3.628280062771769843e-01
3.970992097587065506e-01
3.973807349240658371e-01
3.765069478788375945e-01
4.116076936188402535e-01
3.346805226378933296e-01
3.954040644336094257e-01
3.674313064210988911e-01
3.996850751264659496e-01
3.887521398243449777e-01
3.697806923305441695e-01
4.123533817366842880e-01
3.767604284299823636e-01
3.963642627296883325e-01
3.859336454635686198e-01
4.309113952667263381e-01
4.279321671571016394e-01
4.221789950565062455e-01
3.442190949050854543e-01
3.861393959567955281e-01
4.004083826114738787e-01
3.488230854895665867e-01
4.059392103705924959e-01
3.495666342146156458e-01
3.921432948050205258e-01
3.807913609481137218e-01
4.027110309578832426e-01
4.257523555618109024e-01
4.173233159964621075e-01
4.101789344243904623e-01
4.035767777268452483e-01
4.556480864610708559e-01
3.936234724316892697e-01
4.405273710008159593e-01
4.032850264926617911e-01
3.991904467407037527e-01
3.736515496333780995e-01
3.715032770194001133e-01
4.232494977351042853e-01
3.646387561659437115e-01
3.863611968899844928e-01
4.264145139205295365e-01
4.071966532865611832e-01
4.053222107925560369e-01
4.220696003038964528e-01
3.845148157094804287e-01
4.648792670753456036e-01
3.858821376806416681e-01
4.100529413115286403e-01
3.553247997188701546e-01
3.921174073108239511e-01
3.586822592951844912e-01
3.826319536068515936e-01
3.947166458769285069e-01
3.706404752722683438e-01
3.219820275907813167e-01
3.899047090139837746e-01
3.697558869097329337e-01
3.831335179906864008e-01
3.443751774821758316e-01
3.623886974901489588e-01
3.865239008750962491e-01
3.435910255785946110e-01
4.036044095359505590e-01
3.312356886550784085e-01
3.978727402355499154e-01
3.878930312887600151e-01
3.591095485761717776e-01
3.615148423589372717e-01
3.616435491732447050e-01
3.599209688449488964e-01
3.679198923203316207e-01
4.254375071785513884e-01
3.932935915027280793e-01
3.517832548955396876e-01
4.205729059903304812e-01
4.301494427138626286e-01
4.443807491212563576e-01
4.206754487438646994e-01
4.280349620651328624e-01
4.354579957763213272e-01
3.542901477344864714e-01
4.012217747261951351e-01
4.104497063224704645e-01
3.324175818222521173e-01
3.771102942954674409e-01
3.594645643665709267e-01
3.519442439014279778e-01
3.440516393137183493e-01
4.033752178853959869e-01
4.091146730317719582e-01
3.928575497981328102e-01
4.080979548778173038e-01
4.046820293596593565e-01
3.854139872534212974e-01
3.831563214022078445e-01
3.819550424385968479e-01
3.704965687506407979e-01
3.110860424358697918e-01
3.829464461304774581e-01
3.987036474097320204e-01
3.374193653552639005e-01
3.421596753354654297e-01
3.595451232215333692e-01
3.979886349324421868e-01
3.907195185199096588e-01
3.644012497417983276e-01
3.766212994357627797e-01
3.439876532705091194e-01
3.601298222023661677e-01
3.910840784426830030e-01
3.393577971723443776e-01
3.781571885523437038e-01
3.401271787560238846e-01
3.781725536429668688e-01
4.073927048420624697e-01
4.217494427867546358e-01
4.645762736227021517e-01
4.051880871012178975e-01
4.096473225305354848e-01
4.389357103276099181e-01
4.197180207202561020e-01
4.439752176721213917e-01
4.620718267224486753e-01
4.147542546719319434e-01
4.354360981209592363e-01
3.753696403989998931e-01
3.985586662719151629e-01
3.845115365935501961e-01
3.612209084217322674e-01
4.354897854432176474e-01
3.841692854574365046e-01
4.093273243651172622e-01
3.777415691183670376e-01
3.602851310584663791e-01
4.282737611822567403e-01
3.764097011378312319e-01
4.402485622449004432e-01
3.241603430511132422e-01
3.480080701106668672e-01
3.434920438942957732e-01
3.582790312017187784e-01
3.512473445124927318e-01
3.974168006002523623e-01
3.801329414777665505e-01
4.244983749452180821e-01
3.660894506458048925e-01
4.195576314482206137e-01
4.657128796832772921e-01
4.168586019576481783e-01
4.485940912662734203e-01
4.402174808050014487e-01
4.152356851616939570e-01
3.879311178795619708e-01
4.150255256845362672e-01
3.866004690838338309e-01
3.782918534676426581e-01
3.980447205615374462e-01
3.904404939939333796e-01
3.628984670328721518e-01
4.048694314505941194e-01
3.704641089172655000e-01
3.488379796313364478e-01
3.747133746023222356e-01
3.772915483095190536e-01
3.873015857836757947e-01
4.700974377977591434e-01
4.442987549861159291e-01
3.936982124704692665e-01
4.054981915980473417e-01
3.195744229732311870e-01
4.357297870182886834e-01
3.894952277098501781e-01
3.954603133538202031e-01
4.636305319974230454e-01
4.636121479256791189e-01
4.609092220237954174e-01
4.371924174862140133e-01
4.288821893007874753e-01
4.124311849793251272e-01
3.536237411137752584e-01
3.926947365831600645e-01
3.853233224437325743e-01
4.155476079732131622e-01
4.229144988866217481e-01
3.462213963294494823e-01
3.197261784617203562e-01
3.149833406222806165e-01
2.776435140863220408e-01
3.566021103576867413e-01
3.544737859921798240e-01
3.486301288958194022e-01
3.230335351380426712e-01
2.940074813965271594e-01
3.387730915656816943e-01
3.045644938261701240e-01
3.693218810556819220e-01
3.340873993942786724e-01
3.732344455037963082e-01
3.103442149547922524e-01
3.510949267951223307e-01
3.740380409620551738e-01
3.235570478573868147e-01
3.619122254976316899e-01
4.011521235602934499e-01
3.778017138714251377e-01
4.026274973175110738e-01
